15442,0.0,-89.3930828,43.06867551
16455,0.0,-89.39309258,43.0686618
17437,0.0,-89.39309893,43.068644
18458,0.0,-89.39310683,43.06862997
19457,0.0,-89.39311316,43.06861978
20455,0.0,-89.39311754,43.06861498
21453,0.0,-89.39312129,43.0686103
22513,0.0,-89.39312532,43.06860503
23449,0.0,-89.39313349,43.06859325
24448,0.0,-89.39313843,43.0685861
25445,0.0,-89.39314162,43.06858155
26454,0.0,-89.39314346,43.06857912
27457,0.0,-89.39314399,43.06857805
28455,0.0,-89.39314428,43.06857754
29506,0.0,-89.39314517,43.06857691
30454,0.0,-89.39314701,43.06857614
31454,0.0,-89.39314812,43.06857574
32457,0.0,-89.39314856,43.06857564
33452,0.0,-89.39316845,43.06855595
34467,0.0,-89.3931821,43.06854276
35453,1.5,-89.39318155,43.06849537
36454,2.25,-89.3932017,43.06844792
37454,3.0,-89.39322347,43.0684011
38526,7.0,-89.3933417,43.06825343
39453,8.5,-89.3934426,43.0681832
40453,9.0,-89.39353656,43.06813222
41448,10.25,-89.39363341,43.06806835
42453,10.0,-89.39372349,43.06800566
43449,9.25,-89.39380153,43.0679492
44457,9.25,-89.39387904,43.06788009
45453,9.0,-89.3939416,43.06783521
46452,9.0,-89.39402245,43.06776702
47514,9.5,-89.394106,43.06770658
48451,9.75,-89.39419611,43.0676357
49452,10.0,-89.39428008,43.06757936
50462,9.75,-89.39437219,43.06751992
51443,9.5,-89.39446026,43.06746088
52452,9.25,-89.39454446,43.06740338
53452,8.75,-89.39462595,43.06735142
54499,7.5,-89.39469687,43.06730171
55585,6.25,-89.39475921,43.06726792
56514,4.75,-89.39480587,43.06724928
57445,2.5,-89.39482183,43.06724418
58451,1.25,-89.39483296,43.06724092
59454,0.5,-89.39483518,43.06724005
60454,0.5,-89.39482828,43.06723972
61452,0.0,-89.39482996,43.06724309
62454,0.0,-89.39483365,43.06724732
63454,0.25,-89.39483251,43.06724525
64454,0.0,-89.39483865,43.06724658
65453,0.0,-89.39484234,43.06724735
66517,0.0,-89.39484226,43.06724784
67454,0.0,-89.3948408,43.06724777
68455,0.0,-89.39484228,43.06724536
69444,0.0,-89.39484288,43.06724477
70445,0.0,-89.39484481,43.0672436
71722,0.0,-89.39484595,43.06724241
72501,3.0,-89.39486409,43.06723168
73453,4.5,-89.39492388,43.06719277
74461,5.25,-89.39497883,43.06716003
75452,7.75,-89.39506998,43.06710476
76453,8.5,-89.39515697,43.06704204
77446,11.0,-89.39526373,43.06695944
78447,12.25,-89.39536966,43.06688206
79446,13.0,-89.39548991,43.06680128
80453,13.75,-89.39561712,43.06671362
81462,14.25,-89.395748,43.06662341
82553,15.0,-89.39588943,43.06652925
83568,15.75,-89.39603447,43.066417
84485,16.5,-89.39619241,43.06631541
85526,16.25,-89.39634373,43.06621516
86585,16.75,-89.39649735,43.06610955
87647,17.0,-89.39665486,43.06599883
88464,17.0,-89.39680873,43.06588249
89579,17.0,-89.39695328,43.06576292
90453,17.25,-89.3971124,43.0656586
91462,17.0,-89.39722509,43.06552965
92517,17.0,-89.3973574,43.06540446
93543,17.5,-89.39751381,43.06528903
94509,17.5,-89.39765852,43.06517065
95478,17.5,-89.39779897,43.06504823
96445,17.5,-89.39796348,43.06495193
97453,17.5,-89.39811253,43.06485306
98463,17.5,-89.39827741,43.06474004
99463,17.5,-89.39842705,43.06463233
100495,17.75,-89.39858808,43.06451581
101469,18.25,-89.39878924,43.06443472
102459,17.25,-89.39889394,43.06434167
103598,16.5,-89.39902442,43.06426251
104629,16.5,-89.39920995,43.06414374
105609,16.0,-89.39935712,43.06405879
106606,15.25,-89.39949809,43.06397131
107527,13.75,-89.39964461,43.06390425
108589,12.75,-89.3997712,43.06383313
109568,11.5,-89.39989311,43.06375274
110599,10.75,-89.39999275,43.06368369
111479,9.5,-89.40008082,43.0636125
112461,8.5,-89.40015278,43.06356533
113463,7.25,-89.40022021,43.06350602
114529,5.25,-89.40026412,43.06347042
115548,3.0,-89.40028781,43.06345377
116519,1.75,-89.40029963,43.06344442
117487,2.5,-89.40032278,43.06343709
118565,4.5,-89.40036956,43.0634114
119462,5.0,-89.40042243,43.06337613
120506,5.25,-89.40047812,43.06335173
121464,5.5,-89.40053866,43.06332246
122552,6.0,-89.40060878,43.06329835
123568,6.25,-89.40067163,43.06327203
124616,6.0,-89.40073554,43.06323229
125464,6.0,-89.40079516,43.06319636
126535,6.75,-89.40083518,43.06311699
127656,7.0,-89.40083852,43.06305626
128624,7.75,-89.40084053,43.06298155
129527,10.0,-89.40083699,43.06287967
130550,11.0,-89.40084057,43.06276973
131458,11.0,-89.40084053,43.06266275
132596,10.75,-89.40084171,43.06255936
133626,11.0,-89.40084533,43.06245581
134465,11.5,-89.40084019,43.06234652
135609,12.0,-89.40084557,43.06223266
136503,12.75,-89.4008509,43.06211497
137460,13.25,-89.40085081,43.06199708
138511,13.25,-89.40084092,43.06186821
139554,13.5,-89.40083843,43.06174072
140526,14.0,-89.40083703,43.06161761
141501,14.0,-89.40084242,43.06148332
142457,13.75,-89.4008454,43.06136009
143459,13.5,-89.40084353,43.06123825
144466,13.25,-89.40084331,43.06112524
145459,13.25,-89.40084159,43.06100289
146499,13.0,-89.40084268,43.06087797
147549,13.0,-89.40084069,43.0607619
148522,12.75,-89.40083859,43.06064137
149489,12.25,-89.40084298,43.06053337
150609,11.0,-89.4008535,43.06043839
151623,10.25,-89.4008564,43.06034868
152459,10.0,-89.4008492,43.06026138
153587,9.25,-89.4008449,43.06017299
154577,9.5,-89.40084706,43.06008073
155619,9.5,-89.40085078,43.05999715
156465,9.5,-89.40083774,43.05990784
157459,9.75,-89.4008381,43.05981716
158467,10.75,-89.40083962,43.0597026
159458,11.25,-89.40082549,43.05959833
160492,11.25,-89.40081925,43.059500129999996
161475,12.25,-89.40079892,43.05937665
162525,12.25,-89.40076536,43.05926894
163547,12.5,-89.40072776,43.05915536
164513,12.75,-89.40068097,43.05904356
165475,12.5,-89.40059574,43.05895374
166463,12.5,-89.40051963,43.05885675
167459,13.25,-89.4004328,43.05874956
168466,13.25,-89.4003562,43.05864172
169466,13.0,-89.40028159,43.05854302
170582,12.5,-89.40019715,43.05845459
171524,12.0,-89.40011986,43.05836047
172474,11.75,-89.40003003,43.05827562
173615,11.5,-89.39996212,43.05818514
174593,11.5,-89.39988735,43.05810021
175468,11.5,-89.39981777,43.05801104
176583,10.75,-89.39975844,43.05792338
177466,9.5,-89.39970141,43.05785364
178607,8.25,-89.3996439,43.05779563
179596,7.25,-89.39959931,43.05774982
180502,6.75,-89.39955983,43.05770215
181609,5.0,-89.39952988,43.05767076
182510,3.25,-89.3995067,43.05764968
183598,2.0,-89.3994912,43.05763809
184469,1.25,-89.39948711,43.05762903
185588,0.5,-89.39948505,43.05762219
186587,0.25,-89.39948445,43.05762296
187608,0.0,-89.39948717,43.05761967
188606,0.0,-89.39948825,43.05761412
189468,0.0,-89.39948567,43.05761121
190677,0.0,-89.39948644,43.05761109
191627,0.0,-89.3994863,43.05761092
192598,0.0,-89.39948854,43.05760652
193512,0.0,-89.39948983,43.05760678
194565,0.0,-89.39949015,43.05760328
195622,0.0,-89.39948978,43.05760269
196606,0.0,-89.39948989,43.05760426
197574,5.25,-89.39946592,43.05758052
198477,6.25,-89.39941813,43.05752803
199550,7.75,-89.39934986,43.05746523
200592,9.5,-89.39928137,43.05738267
201615,10.75,-89.39920813,43.05729087
202591,12.25,-89.39912796,43.05718557
203526,12.75,-89.39904684,43.0570831
204596,12.0,-89.39897142,43.05699089
205599,11.5,-89.39889321,43.05690357
206589,12.25,-89.39881343,43.05680447
207470,12.5,-89.39873212,43.05671281
208597,13.0,-89.39864918,43.05660525
209595,12.75,-89.39856409,43.05650414
210593,12.25,-89.3984939,43.05640308
211608,11.75,-89.39841969,43.05631179
212504,12.25,-89.39834919,43.05620781
213478,12.0,-89.39827358,43.05611773
214607,12.0,-89.39819733,43.05602157
215615,12.5,-89.39811942,43.05591502
216478,12.75,-89.39803474,43.05582267
217594,12.0,-89.39795426,43.05573579
218466,11.5,-89.39788222,43.05565185
219599,11.75,-89.39780957,43.05555235
220589,12.25,-89.39773025,43.05545081
221472,12.25,-89.39765651,43.05534524
222686,12.75,-89.39758096,43.05524035
223487,12.5,-89.39750785,43.0551381
224583,12.25,-89.3974306,43.05504446
225507,12.25,-89.39736153,43.05494386
226559,12.0,-89.39728278,43.05484977
227614,12.25,-89.39719789,43.05475271
228573,12.5,-89.39712095,43.05464757
229582,12.0,-89.39703899,43.05455721
230468,12.5,-89.39695878,43.05446277
231607,12.5,-89.39688038,43.05436228
232582,12.75,-89.39680143,43.05425745
233676,12.75,-89.39672204,43.0541587
234605,13.0,-89.39663135,43.05405332
235538,14.0,-89.39654395,43.05393902
236566,14.0,-89.39645046,43.05382796
237616,14.0,-89.39637138,43.05371195
238803,13.5,-89.39627947,43.05360894
239468,13.75,-89.3961943,43.05350224
240616,13.75,-89.39611213,43.05338983
241584,13.5,-89.39602976,43.0532878
242607,13.25,-89.39594355,43.05318919
243598,13.5,-89.39585374,43.05309153
244469,13.5,-89.39576099,43.05299383
245597,13.5,-89.39566957,43.05288971
246473,13.25,-89.39558302,43.05279156
247648,13.25,-89.39549393,43.05269031
248489,13.0,-89.39541245,43.05258191
249599,13.0,-89.39532894,43.05247654
250635,13.0,-89.39525408,43.05237371
251669,12.75,-89.39517666,43.0522817
252617,12.5,-89.3950999,43.05218822
253494,12.75,-89.39501692,43.05207396
254473,13.0,-89.39498448,43.05194694
255602,13.25,-89.39491714,43.05183561
256603,13.5,-89.39485719,43.05172167
257549,14.0,-89.39479697,43.05157967
258555,14.25,-89.3947231,43.05146125
259468,14.5,-89.39464475,43.05133947
260594,14.0,-89.39460698,43.05120774
261596,13.75,-89.39457294,43.05107895
262479,13.5,-89.39452786,43.05094787
263618,13.5,-89.39447306,43.05083377
264468,13.5,-89.39442619,43.05071782
265597,13.75,-89.39439604,43.05058442
266625,13.75,-89.39436192,43.05045625
267546,13.75,-89.39432337,43.05033327
268580,13.5,-89.39429995,43.05021295
269554,13.5,-89.39427083,43.0500858
270586,13.0,-89.39424572,43.04997646
271473,12.75,-89.39422106,43.04986394
272620,12.5,-89.39420185,43.04975598
273615,13.0,-89.39418029,43.04963489
274601,12.5,-89.3941524,43.04954554
275619,12.75,-89.39413923,43.04944268
276498,12.75,-89.39413098,43.0493257
277597,13.0,-89.39412344,43.04920473
278712,12.75,-89.39412533,43.04909326
279579,12.75,-89.39412856,43.04897468
280523,12.5,-89.39413217,43.04886132
281594,12.75,-89.39413326,43.04874234
282635,12.75,-89.39412397,43.04863317
283662,12.5,-89.3941127,43.04853594
284473,13.75,-89.39412038,43.04839014
285479,13.25,-89.3941262,43.048273
286560,12.5,-89.3941291,43.04816417
287469,13.0,-89.39412823,43.0480443
288525,13.75,-89.39412466,43.0479176
289507,13.75,-89.39413164,43.04778702
290476,13.5,-89.39414289,43.04766319
291476,12.5,-89.39414259,43.0475593
292476,11.75,-89.39414238,43.04746044
293486,11.75,-89.39414175,43.04736525
294513,11.5,-89.39414487,43.0472676
295565,11.5,-89.39414327,43.04716016
296549,11.75,-89.39414487,43.04704983
297516,12.0,-89.39414136,43.04693557
298489,12.25,-89.39412533,43.04681814
299468,13.0,-89.39413024,43.04669521
300475,13.5,-89.39412355,43.04657107
301476,13.75,-89.39411906,43.046446
302614,13.5,-89.39411659,43.0463227
303473,14.0,-89.39411068,43.04619092
304477,13.5,-89.39411385,43.04606322
305483,13.0,-89.39411311,43.04593991
306485,13.0,-89.39410716,43.04582784
307486,12.5,-89.39411721,43.04571287
308486,12.25,-89.39411773,43.04560098
309479,12.0,-89.39412058,43.04548531
310485,12.0,-89.3941162,43.04538034
311485,12.0,-89.39411294,43.04527418
312485,12.0,-89.39412231,43.0451626
313485,11.5,-89.39412535,43.04506414
314479,12.0,-89.39412937,43.04494951
315478,12.0,-89.39412909,43.04484274
316678,12.25,-89.39412533,43.04473054
317485,12.75,-89.39411237,43.04461541
318636,13.0,-89.39410632,43.04449624
319657,13.0,-89.39411401,43.04438499
320495,13.0,-89.39411269,43.04427616
321485,13.25,-89.39410527,43.04415579
322485,13.5,-89.39410341,43.04402434
323486,13.5,-89.39410052,43.04390306
324479,13.5,-89.39409878,43.04378624
325486,12.25,-89.39409808,43.04368281
326488,12.0,-89.39409624,43.04358082
327483,11.5,-89.3940989,43.04347456
328486,11.25,-89.39409813,43.04337582
329487,10.75,-89.39409116,43.04328567
330486,10.75,-89.39409379,43.04319315
331483,10.75,-89.39409382,43.043097
332487,10.5,-89.39408986,43.04301241
333486,10.25,-89.39408965,43.04293152
334480,9.5,-89.39409087,43.04284892
335486,8.75,-89.39409371,43.04277747
336486,8.25,-89.39410121,43.04270423
337487,8.0,-89.39409972,43.04263862
338488,7.75,-89.39410153,43.04256841
339484,7.5,-89.39410087,43.04249872
340486,6.5,-89.39410378,43.0424577
341487,6.25,-89.39410564,43.04240087
342488,6.0,-89.39410381,43.04234539
343492,5.5,-89.39410455,43.04230219
344539,5.5,-89.39410305,43.04225261
345487,4.5,-89.39409808,43.04222243
346487,4.0,-89.39410064,43.04218259
347488,4.0,-89.3941064,43.04215072
348487,3.25,-89.39410685,43.04213506
349484,2.5,-89.39410553,43.04211818
350483,2.0,-89.39409735,43.04210614
351487,2.0,-89.39409869,43.04209034
352480,2.0,-89.39409928,43.04207806
353485,3.0,-89.3940985,43.04204701
354485,3.75,-89.39410036,43.04200923
355488,3.75,-89.39410479,43.04197249
356488,4.0,-89.39411247,43.04193373
357488,4.0,-89.39412448,43.04189466
358488,9.0,-89.39413388,43.04178779
359485,10.25,-89.39412783,43.04159566
360486,11.75,-89.39411417,43.04148305
361487,11.75,-89.39412478,43.04138681
362496,12.0,-89.3941132,43.04126138
363486,12.0,-89.39410851,43.04115327
364496,12.0,-89.39411649,43.04104401
365488,11.5,-89.39412213,43.04094749
366487,10.75,-89.39412457,43.04087724
367495,11.0,-89.39413262,43.04075567
368489,11.0,-89.39412429,43.04065952
369497,11.0,-89.39412155,43.04057647
370489,12.0,-89.394119,43.0404472
371489,12.5,-89.3941204,43.04033939
372533,12.75,-89.39413365,43.04022314
373668,12.75,-89.39413344,43.04010499
374674,12.5,-89.39414585,43.03999812
375634,12.25,-89.39415704,43.03989479
376518,11.75,-89.39415128,43.03979363
377610,10.75,-89.39414801,43.03969302
378647,10.25,-89.39414673,43.03958806
379499,10.0,-89.39414911,43.03949819
380492,9.5,-89.39416521,43.03940255
381494,8.25,-89.39417771,43.03931871
382489,7.75,-89.39417972,43.03923446
383485,7.75,-89.39417907,43.03916481
384494,8.0,-89.39417405,43.03908589
385492,8.25,-89.39416896,43.03900286
386487,9.0,-89.39416561,43.03891667
387487,9.5,-89.39416493,43.03882716
388489,9.5,-89.39416846,43.03874172
389494,9.5,-89.39416894,43.03865298
390496,10.25,-89.39417548,43.03855105
391506,10.75,-89.3941792,43.03845297
392528,11.0,-89.39418503,43.03833788
393492,11.0,-89.39418793,43.03822768
394488,11.5,-89.39420791,43.0381286
395556,12.5,-89.39422611,43.03801297
396667,12.75,-89.39425174,43.03790428
397579,13.25,-89.39427242,43.03777582
398489,14.25,-89.39429798,43.03765749
399484,15.0,-89.39433784,43.03751692
400484,15.0,-89.39439076,43.03739051
401491,14.75,-89.39444129,43.03726287
402489,15.0,-89.39451184,43.03713745
403488,14.5,-89.39457348,43.03702017
404489,13.0,-89.39463122,43.03692612
405485,10.25,-89.39467647,43.03686001
406489,9.5,-89.39472669,43.03678063
407489,8.5,-89.39477233,43.03671279
408489,5.75,-89.39480396,43.03668193
409488,4.5,-89.39483283,43.03664184
410493,3.75,-89.39485291,43.0366191
411501,3.75,-89.39487566,43.03659059
412516,2.75,-89.39488959,43.03656877
413513,3.25,-89.39491556,43.03654462
414489,3.75,-89.3949374,43.03651649
415487,3.5,-89.39496031,43.03648983
416505,4.25,-89.39499361,43.03645863
417605,6.25,-89.39504235,43.03640509
418644,7.75,-89.39509857,43.03634024
419550,9.5,-89.39518718,43.03627747
420515,11.0,-89.39528712,43.03620238
421685,11.75,-89.39539794,43.03612538
422505,11.75,-89.39550634,43.03604823
423671,12.0,-89.39562036,43.03598572
424649,13.0,-89.39575061,43.03592112
425649,13.5,-89.39589342,43.03585319
426660,14.0,-89.39604434,43.03579336
427575,13.75,-89.39619616,43.03574032
428495,14.25,-89.39635333,43.03568713
429709,15.0,-89.39652682,43.03564165
430707,15.75,-89.39670716,43.03558762
431496,16.0,-89.39689506,43.03552973
432655,16.75,-89.39709029,43.03547496
433495,17.25,-89.39728714,43.03541691
434668,17.5,-89.39748553,43.03535378
435674,18.0,-89.39769455,43.0352886
436532,18.25,-89.39790662,43.03523126
437718,19.0,-89.39813358,43.03518398
438558,19.75,-89.3983722,43.0351263
439677,20.5,-89.39860997,43.03507509
440509,21.25,-89.39885856,43.035029
441639,22.5,-89.39911574,43.03498026
442678,23.25,-89.39939819,43.0349353
443656,24.0,-89.39969077,43.03488536
444678,24.5,-89.39998642,43.03484331
445505,24.75,-89.40028742,43.0348054
446496,25.0,-89.40059283,43.03477188
447503,25.25,-89.40089358,43.03472442
448528,25.5,-89.40121431,43.03471068
449599,25.0,-89.4015241,43.0346911
450560,25.25,-89.40182892,43.03468088
451496,25.25,-89.40213701,43.034666
452518,25.25,-89.40244331,43.03467524
453497,25.25,-89.40275435,43.03467565
454505,25.25,-89.40306406,43.03467492
455496,25.25,-89.40337737,43.0346845
456487,25.25,-89.40368699,43.03469306
457676,25.5,-89.4040002,43.03470555
458704,26.0,-89.40431958,43.03471795
459567,26.5,-89.40464642,43.03473778
460665,26.75,-89.40496959,43.03474727
461678,26.75,-89.40530143,43.03476095
462635,26.75,-89.40562555,43.03477062
463497,27.0,-89.40595917,43.03478433
464497,26.75,-89.40628451,43.03479838
465564,26.0,-89.4065983,43.03481066
466545,26.75,-89.40692653,43.03482471
467548,27.0,-89.40725796,43.03484301
468497,26.5,-89.40757464,43.03485737
469497,26.25,-89.40789237,43.03486719
470488,26.25,-89.40822176,43.0348788
471498,26.0,-89.40854018,43.03489208
472496,25.5,-89.40884679,43.03490018
473498,24.75,-89.40914823,43.03491284
474497,24.25,-89.40944055,43.03492483
475499,24.25,-89.40973624,43.03493703
476509,23.25,-89.41001304,43.03494852
477499,23.0,-89.41029548,43.03495835
478505,23.25,-89.41058075,43.03496987
479491,23.75,-89.41088002,43.03498118
480577,24.25,-89.41117804,43.03499273
481508,24.75,-89.4114859,43.03501446
482588,24.0,-89.41177988,43.03502745
483498,24.0,-89.41207434,43.03504315
484626,26.0,-89.41243109,43.03504808
485504,26.5,-89.41276144,43.03506098
486503,27.0,-89.4130945,43.03507108
487506,27.0,-89.41342629,43.035079
488577,26.5,-89.41374433,43.03508751
489616,26.25,-89.414064,43.03510651
490565,26.75,-89.41439388,43.03511459
491539,27.0,-89.41471292,43.03512233
492504,27.0,-89.41504478,43.03514137
493505,26.75,-89.41537314,43.03515974
494507,26.5,-89.41569201,43.0351775
495499,27.0,-89.41601017,43.03519362
496498,27.25,-89.41633804,43.03520414
497498,27.75,-89.41668009,43.0352144
498658,27.75,-89.41701945,43.03522503
499614,28.0,-89.417365,43.03523035
500534,28.0,-89.41770785,43.03524398
501672,28.25,-89.41805495,43.03525536
502635,28.0,-89.41840173,43.03525836
503674,28.0,-89.41874607,43.03527745
504556,28.0,-89.41908781,43.03528413
505634,28.0,-89.41942846,43.03529948
506491,27.75,-89.41976172,43.03531008
507500,27.5,-89.42008993,43.03532232
508504,27.0,-89.42041724,43.03532763
509503,26.5,-89.42074186,43.0353317
510503,26.5,-89.42106548,43.03534438
511497,26.5,-89.42139081,43.035359389999996
512505,26.5,-89.42172313,43.03537692
513507,26.75,-89.42205167,43.03538946
514504,27.0,-89.42238638,43.03541119
515499,27.0,-89.42272732,43.03542189
516500,27.25,-89.42306204,43.03543862
517518,27.0,-89.42337987,43.03543835
518507,27.25,-89.42371761,43.03544933
519652,26.75,-89.42405514,43.03546764
520504,26.5,-89.4243786,43.03547751
521677,26.25,-89.42469977,43.0354857
522499,26.25,-89.42501424,43.03549616
523504,26.25,-89.42532671,43.03549961
524507,26.0,-89.42564379,43.03550712
525497,25.5,-89.4259537,43.03551338
526495,25.25,-89.42626233,43.03552336
527496,25.25,-89.42657302,43.03554599
528504,25.5,-89.42688939,43.03556202
529503,25.5,-89.42720066,43.03556854
530494,25.0,-89.42750602,43.03557626
531495,24.75,-89.42780723,43.03559831
532498,24.5,-89.42810458,43.03560322
533498,24.75,-89.42840429,43.03561753
534505,24.0,-89.42869985,43.03563202
535499,23.5,-89.42899022,43.03564383
536495,23.0,-89.42927201,43.03564685
537487,23.25,-89.42955541,43.0356578
538516,23.75,-89.42984541,43.03567495
539564,23.75,-89.43013344,43.03568291
540499,24.25,-89.43043136,43.03569287
541497,24.75,-89.43073293,43.03569578
542496,25.0,-89.43104349,43.03570154
543504,25.25,-89.43135849,43.03569141
544500,25.0,-89.43166948,43.03569497
545499,25.0,-89.4319778,43.03569578
546507,25.75,-89.4323007,43.03567932
547496,26.25,-89.43261587,43.03565767
548499,26.25,-89.4329367,43.03563974
549628,26.0,-89.43325757,43.03561485
550499,25.75,-89.43357077,43.03559814
551506,25.75,-89.4338853,43.03558141
552497,25.75,-89.43420411,43.03556134
553502,25.75,-89.43451077,43.03553771
554499,26.0,-89.43482772,43.03551497
555506,26.0,-89.43514532,43.0354946
556505,26.0,-89.43546002,43.0354688
557496,26.25,-89.43578025,43.0354468
558499,26.25,-89.43610196,43.03543098
559500,26.25,-89.4364269,43.03542093
560500,26.5,-89.43675043,43.03540859
561518,26.5,-89.43707211,43.03538702
562497,26.5,-89.43739733,43.03536562
563516,25.5,-89.43769894,43.03534947
564501,25.5,-89.43800899,43.03532048
565504,25.25,-89.43832217,43.03531026
566504,25.0,-89.4386273,43.03530111
567556,25.25,-89.43894172,43.0352865
568505,25.5,-89.43925206,43.03527792
569498,25.5,-89.43955945,43.03526924
570504,24.5,-89.43985592,43.03525327
571498,24.5,-89.44015483,43.03524462
572497,23.25,-89.44043618,43.03523751
573501,23.0,-89.44071504,43.03522877
574504,21.75,-89.44098043,43.03523378
575504,21.25,-89.44123606,43.03524908
576503,21.0,-89.44149976,43.03525909
577498,19.75,-89.44173543,43.03528259
578505,19.0,-89.44195548,43.03530245
579499,18.0,-89.44217107,43.03529936
580506,16.75,-89.44237231,43.0352971
581674,15.5,-89.44256677,43.03529788
582499,13.75,-89.44273869,43.03529236
583644,11.75,-89.44288297,43.03530263
584630,10.75,-89.44301438,43.03530482
585624,8.75,-89.44312143,43.03530572
586547,7.25,-89.44320489,43.03530761
587557,5.0,-89.44326443,43.03531017
588625,3.25,-89.4432994,43.03530851
589593,2.0,-89.44331918,43.0353066
590506,1.25,-89.44333286,43.0353027
591499,1.25,-89.44332778,43.03528605
592499,1.0,-89.44332784,43.0352796
593506,0.5,-89.44333219,43.0352827
594506,1.25,-89.44334854,43.03527728
595505,2.0,-89.44337193,43.03526925
596506,2.0,-89.44339746,43.0352675
597502,2.0,-89.44341997,43.03526083
598498,1.75,-89.44344308,43.03525799
599506,2.0,-89.44346757,43.03525599
600498,2.0,-89.44349435,43.03525445
601506,2.25,-89.44352377,43.03524506
602502,3.75,-89.44356699,43.03522133
603504,5.5,-89.44361469,43.03517583
604506,6.0,-89.44363227,43.03510708
605508,6.25,-89.44365239,43.03504983
606503,6.5,-89.44365345,43.03499314
607503,6.75,-89.443658,43.03492876
608546,6.75,-89.44365386,43.03487211
609512,6.75,-89.4436423,43.03480687
610609,6.5,-89.4436442,43.03474404
611535,6.75,-89.44364425,43.0346833
612509,6.25,-89.44363997,43.03462997
613554,4.5,-89.44364124,43.03459446
614515,3.25,-89.44364226,43.03455861
615505,1.75,-89.44364662,43.03453345
616509,0.75,-89.44364843,43.03452991
617503,0.25,-89.44365108,43.03453036
618503,0.25,-89.44364706,43.03452403
619507,0.0,-89.44365193,43.03452601
620505,0.0,-89.44365226,43.03452874
621507,0.0,-89.4436501,43.03453083
622500,0.0,-89.44364947,43.03452864
623515,0.0,-89.44364978,43.03453083
624668,0.0,-89.44364837,43.0345281
625555,0.0,-89.44364877,43.03452664
626509,0.0,-89.44364905,43.03452756
627506,0.0,-89.44364858,43.03452878
628508,0.0,-89.44364904,43.03452735
629507,0.0,-89.44364922,43.03452696
630507,0.0,-89.44364882,43.03452734
631506,0.0,-89.44364902,43.034527
632508,0.0,-89.4436488,43.03452683
633572,0.0,-89.44364834,43.03452681
634512,0.0,-89.44364833,43.0345268
635495,0.0,-89.44364831,43.0345269
636508,0.0,-89.44364826,43.03452686
637508,3.25,-89.44362864,43.03451514
638508,5.0,-89.44355732,43.03450125
639501,5.25,-89.44349189,43.03447678
640502,6.25,-89.44340306,43.03448585
641580,8.25,-89.44327199,43.03447716
642602,8.0,-89.44316945,43.03446752
643515,11.0,-89.44296752,43.03448503
644619,16.0,-89.44267423,43.03453663
645502,16.75,-89.44245537,43.03456055
646509,17.5,-89.44223241,43.03458354
647504,18.75,-89.44199167,43.03461727
648505,19.25,-89.44174605,43.03465066
649507,19.5,-89.44150267,43.03467653
650516,19.5,-89.44125581,43.03470224
651513,18.75,-89.44103226,43.03471805
652504,17.75,-89.44082994,43.03470736
653508,16.5,-89.44062066,43.03471889
654506,16.5,-89.44040395,43.03472862
655508,16.25,-89.44020601,43.03473427
656505,15.5,-89.44005373,43.03480695
657505,16.25,-89.43987359,43.03485191
658511,17.5,-89.43965685,43.03489504
659508,18.0,-89.4394644,43.03492637
660509,20.25,-89.43920451,43.03494117
661504,22.75,-89.43890786,43.03496087
662503,24.75,-89.43859176,43.03498827
663505,26.5,-89.4382572,43.03501694
664505,27.75,-89.43790656,43.03504655
665511,28.75,-89.43754576,43.03507681
666506,29.0,-89.43717813,43.03510861
667504,29.25,-89.43680419,43.03513813
668509,29.25,-89.43644027,43.03516311
669506,29.25,-89.43608462,43.03519653
670508,29.25,-89.43572602,43.03522424
671665,29.25,-89.43536808,43.03524965
672506,30.0,-89.43499584,43.03528636
673510,30.25,-89.43461828,43.03531723
674505,30.5,-89.43422964,43.03534621
675510,30.25,-89.43385237,43.03536581
676505,30.5,-89.43348678,43.03538787
677505,30.5,-89.43313105,43.03541101
678503,30.25,-89.43276223,43.03543575
679508,29.75,-89.43241076,43.03545134
680506,29.25,-89.43205264,43.03546212
681504,28.5,-89.43171149,43.03547121
682514,27.75,-89.43136784,43.03547714
683506,27.5,-89.43102315,43.03548019
684505,27.5,-89.43069085,43.03547599
685505,27.5,-89.4303523,43.03547392
686504,27.5,-89.43001361,43.03546992
687499,27.25,-89.42968584,43.03546874
688660,27.25,-89.42934997,43.03544426
689514,27.0,-89.42903074,43.03542799
690683,26.75,-89.42869284,43.0354288
691736,26.75,-89.42837396,43.03541306
692524,27.0,-89.42801161,43.03541553
693513,26.75,-89.42768948,43.03540604
694575,26.25,-89.42737534,43.03538584
695536,26.5,-89.42702263,43.03538508
696510,26.0,-89.42674433,43.03538319
697509,25.75,-89.4264348,43.03538618
698513,26.25,-89.42609634,43.03538495
699685,26.25,-89.42577783,43.03537135
700529,26.5,-89.42544817,43.03534743
701509,27.0,-89.42508745,43.0353294
702509,26.25,-89.42481588,43.03532814
703506,26.0,-89.42450513,43.03529852
704513,26.0,-89.42420119,43.03529289
705513,25.5,-89.42389796,43.03526289
706507,25.25,-89.42359257,43.03524652
707502,24.75,-89.42329291,43.03521228
708499,24.5,-89.42300537,43.0351972
709507,24.5,-89.42270266,43.03516762
710519,24.75,-89.42237508,43.03515917
711739,24.0,-89.42213238,43.03510739
712705,23.5,-89.42186738,43.03507062
713719,23.75,-89.42155095,43.03509006
714676,23.75,-89.42126699,43.03509927
715654,24.0,-89.42096336,43.03508753
716517,24.75,-89.42066208,43.03507105
717705,24.75,-89.42036693,43.03506313
718674,25.0,-89.42005252,43.03504038
719509,25.0,-89.41973848,43.03502328
720658,25.0,-89.41942711,43.03502704
721729,24.75,-89.41914043,43.03501042
722787,24.5,-89.4188405,43.03500332
723517,23.75,-89.41856737,43.03501303
724515,23.25,-89.41828851,43.0350204
725509,23.25,-89.41801843,43.03500162
726555,23.25,-89.41773321,43.03501449
727515,23.5,-89.41744151,43.03501696
728514,23.75,-89.41715035,43.03500261
729645,23.75,-89.41686716,43.03499265
730515,23.75,-89.41658179,43.03498559
731728,23.5,-89.41630103,43.03498384
732684,23.0,-89.41602475,43.03497284
733578,23.0,-89.41574094,43.03497717
734675,23.0,-89.41546507,43.03494982
735549,23.25,-89.41517699,43.03493595
736708,24.0,-89.41488284,43.03493071
737627,24.25,-89.41459585,43.03491558
738672,24.75,-89.41428229,43.03490807
739677,24.75,-89.4139722,43.03489727
740643,24.75,-89.41367043,43.0348887
741725,24.75,-89.41336287,43.03487348
742523,24.75,-89.41304489,43.03486185
743771,25.0,-89.4127409,43.03484774
744685,25.0,-89.41243559,43.0348375
745707,25.5,-89.41212391,43.03482905
746760,25.25,-89.41180117,43.03481835
747597,25.5,-89.41149446,43.03480579
748715,25.5,-89.41116638,43.0347977
749759,25.25,-89.41085441,43.03478429
750707,25.25,-89.41055513,43.03476427
751524,25.5,-89.41023646,43.03475201
752684,25.5,-89.40992117,43.03473648
753697,26.0,-89.40960212,43.03471976
754678,26.0,-89.40927882,43.034706
755729,26.25,-89.40895704,43.03469171
756512,26.0,-89.40864047,43.0346737
757518,25.5,-89.40834122,43.03467106
758521,26.0,-89.40802643,43.03468936
759518,25.5,-89.40772127,43.03467921
760517,25.25,-89.40741179,43.03467197
761522,25.5,-89.40708175,43.03466219
762516,26.5,-89.40673787,43.03463692
763517,26.0,-89.40643694,43.03462598
764517,25.75,-89.4061081,43.03463947
765515,25.75,-89.40579176,43.03462915
766564,25.25,-89.40551001,43.034602
767512,25.5,-89.4051868,43.03458648
768523,25.75,-89.40484228,43.03457497
769518,25.75,-89.40453125,43.03457627
770513,25.75,-89.40421448,43.03456259
771516,25.75,-89.40390434,43.03454339
772515,26.0,-89.40357847,43.03453498
773512,25.75,-89.40326294,43.03452338
774528,25.5,-89.40295124,43.03449725
775710,25.5,-89.40264034,43.03448708
776520,25.75,-89.40232397,43.03448172
777661,26.0,-89.40201097,43.03448026
778685,26.25,-89.40169345,43.03447997
779603,26.25,-89.40136588,43.03449285
780705,26.25,-89.40104129,43.034509129999996
781647,26.25,-89.40072204,43.03452391
782710,26.0,-89.4004017,43.03456133
783524,26.0,-89.40008546,43.03460769
784563,26.25,-89.39976921,43.03465339
785515,26.25,-89.39945491,43.03469611
786518,25.75,-89.3991491,43.03474272
787517,25.5,-89.39883871,43.03480723
788575,25.5,-89.3985343,43.03486492
789735,25.5,-89.39823051,43.03494421
790723,25.5,-89.39793415,43.03501616
791759,25.5,-89.39764031,43.0350887
792592,25.5,-89.39734215,43.03517438
793667,25.5,-89.39704746,43.03525015
794747,25.5,-89.39675287,43.03532553
795735,25.25,-89.39645826,43.03539488
796732,25.0,-89.39616778,43.03547729
797553,24.5,-89.39588601,43.03554712
798723,24.25,-89.39560999,43.03561874
799527,24.25,-89.39533049,43.035691
800715,23.75,-89.39505992,43.03575857
801608,23.75,-89.39478279,43.03582537
802639,24.0,-89.39451175,43.035900409999996
803768,24.0,-89.39423475,43.03597367
804744,24.0,-89.39395538,43.03604514
805728,24.5,-89.39366386,43.036123
806520,24.75,-89.39337546,43.0361999
807516,25.0,-89.39308212,43.03627929
808518,25.5,-89.39278708,43.03635368
809518,25.75,-89.39248924,43.0364274
810514,26.0,-89.39218676,43.03650819
811519,26.5,-89.39188032,43.03659071
812515,26.75,-89.39156981,43.03666992
813516,27.25,-89.39125294,43.03675604
814519,27.25,-89.39093558,43.03683352
815515,27.0,-89.39062734,43.03691413
816517,26.5,-89.39032288,43.03699378
817519,26.5,-89.39001652,43.03707188
818852,26.5,-89.38971083,43.0371519
819514,26.5,-89.38940447,43.03723288
820523,26.75,-89.38909535,43.03731529
821515,26.25,-89.3887885,43.03739219
822514,25.75,-89.38849305,43.03746606
823519,25.5,-89.38819955,43.0375392
824515,25.25,-89.38790617,43.03762033
825505,25.5,-89.38761181,43.03769752
826516,25.75,-89.387314,43.03777416
827523,25.75,-89.38701849,43.03785268
828516,25.75,-89.38672616,43.03792774
829545,25.5,-89.38643437,43.03800674
830556,25.75,-89.3861366,43.03808414
831506,25.5,-89.38583923,43.03815897
832515,25.25,-89.38554679,43.03823546
833514,25.25,-89.38525566,43.038309
834508,25.25,-89.38496483,43.03838221
835514,25.0,-89.38467423,43.0384549
836508,25.0,-89.38438479,43.03853102
837509,25.0,-89.38409497,43.03860932
838515,25.25,-89.38380611,43.03868665
839508,25.5,-89.38351766,43.03876775
840506,25.25,-89.38322449,43.03884533
841508,25.25,-89.38293042,43.03892131
842539,25.5,-89.38264115,43.03900207
843515,25.75,-89.3823462,43.03908527
844523,26.25,-89.38204431,43.03916986
845524,26.25,-89.38174551,43.03925745
846516,26.0,-89.3814479,43.03934598
847518,25.25,-89.38116311,43.03943645
848519,24.25,-89.3808889,43.03951896
849526,25.75,-89.38058491,43.03961448
850520,25.75,-89.38029028,43.03970724
851516,26.0,-89.37999936,43.03979943
852518,26.25,-89.37969802,43.03988942
853669,26.25,-89.37939656,43.03997959
854516,26.25,-89.37910035,43.04007129
855519,26.25,-89.37880031,43.04015681
856516,26.5,-89.37850085,43.04025074
857517,27.25,-89.37818939,43.04034468
858526,27.25,-89.37788465,43.04044474
859524,28.0,-89.37756823,43.04054727
860517,27.0,-89.37728663,43.04064526
861516,26.75,-89.37698614,43.04074366
862525,26.5,-89.37668477,43.04083554
863524,26.0,-89.37637998,43.04092506
864518,25.75,-89.37609125,43.04101657
865524,25.25,-89.3758062,43.04109844
866517,25.0,-89.37553085,43.04118686
867519,24.75,-89.37525467,43.04127734
868519,24.75,-89.37497592,43.04137356
869525,24.75,-89.37469927,43.04145821
870525,24.5,-89.37442356,43.04154693
871518,24.0,-89.37415054,43.04163
872525,24.0,-89.37386964,43.04170096
873523,24.25,-89.37359701,43.04177864
874533,24.25,-89.37331953,43.0418463
875527,24.25,-89.37304862,43.04192933
876519,24.0,-89.3728005,43.04204077
877525,23.75,-89.37253629,43.04212329
878519,24.25,-89.37224818,43.04220015
879521,24.25,-89.37197665,43.04228098
880525,24.5,-89.37170915,43.04238957
881533,24.5,-89.37142547,43.0424719
882519,24.5,-89.37113405,43.04252955
883526,24.25,-89.37087293,43.04264526
884526,24.25,-89.37060737,43.04273794
885523,24.0,-89.37034587,43.04283447
886529,24.0,-89.37007375,43.04292019
887523,24.0,-89.36978479,43.04296618
888521,23.5,-89.36950723,43.04301797
889525,23.25,-89.36924098,43.04309248
890518,22.0,-89.36898324,43.04314156
891525,21.5,-89.36872468,43.04318139
892522,21.0,-89.36847846,43.04323356
893526,19.5,-89.3682577,43.04324937
894522,19.5,-89.36802303,43.04326932
895534,18.0,-89.36788183,43.04329026
896592,17.0,-89.36771263,43.04318141
897519,15.0,-89.36764106,43.04307031
898546,11.25,-89.36771428,43.04296779
899527,7.25,-89.36787984,43.04287377
900532,6.25,-89.36791633,43.04281328
901527,6.5,-89.36812518,43.04268924
902522,8.25,-89.36838443,43.04254895
903526,11.5,-89.36876886,43.04242106
904527,13.0,-89.36906048,43.04232381
905527,12.0,-89.36925413,43.04232255
906524,12.0,-89.3695145,43.04256878
907522,12.25,-89.36977349,43.04259618
908522,12.0,-89.3699256,43.04267331
909530,14.0,-89.37008614,43.04285014
910536,15.0,-89.37023872,43.04302808
911526,14.75,-89.37023209,43.04331054
912523,16.25,-89.37025616,43.04349735
913522,15.75,-89.3703175,43.04365754
914529,16.75,-89.37036313,43.04380971
915529,16.75,-89.37040585,43.04397302
916528,16.75,-89.37047909,43.04410978
917523,17.75,-89.37059178,43.04424519
918524,18.25,-89.37069757,43.04438634
919523,18.5,-89.37083214,43.04452405
920528,19.0,-89.37098918,43.04465995
921531,19.75,-89.37116327,43.04478906
922523,20.25,-89.37134659,43.04491074
923525,20.75,-89.3715381,43.04504444
924521,21.0,-89.37173777,43.04517368
925529,21.5,-89.37194449,43.04529923
926524,21.5,-89.37214483,43.04542825
927524,21.0,-89.37234393,43.04554458
928528,20.25,-89.37253332,43.04566047
929524,19.0,-89.37267956,43.04579493
930523,17.25,-89.37284117,43.04587915
931523,14.5,-89.37293168,43.04595355
932525,12.75,-89.37305067,43.0459946
933525,11.0,-89.37316412,43.04601625
934530,9.0,-89.37322022,43.04603756
935529,7.75,-89.37327443,43.04605787
936532,5.25,-89.37324182,43.04608155
937525,2.5,-89.37315197,43.04608653
938671,2.25,-89.37316991,43.04608932
939522,2.0,-89.37318586,43.04609229
940532,2.0,-89.37321936,43.04609577
941523,2.25,-89.37324241,43.04610598
942523,3.75,-89.37328594,43.04612689
943532,4.75,-89.37332925,43.04614914
944532,5.5,-89.37339113,43.04618406
945533,5.5,-89.37345055,43.04621661
946534,5.75,-89.37349474,43.04625543
947530,6.5,-89.37353969,43.04629668
948526,7.5,-89.3736115,43.0463424
949526,8.75,-89.37370506,43.04640494
950531,9.5,-89.37379745,43.04646354
951527,10.25,-89.3738964,43.04652639
952524,11.25,-89.3740111,43.04660097
953529,12.0,-89.37412145,43.04667601
954524,12.75,-89.3742474,43.04675361
955529,13.75,-89.37438323,43.04683974
956552,14.5,-89.37452267,43.04692634
957523,15.0,-89.37465903,43.04702152
958527,15.0,-89.37479813,43.04711502
959530,15.75,-89.37496113,43.04725236
960526,15.5,-89.37510485,43.04737499
961537,15.75,-89.37523082,43.04746391
962524,15.75,-89.37536553,43.047574589999996
963594,16.0,-89.37549587,43.04768432
964529,16.0,-89.37562454,43.04779283
965525,16.0,-89.37574085,43.04790438
966526,16.0,-89.37584752,43.0480169
967526,16.0,-89.37596514,43.04813402
968525,16.25,-89.37607417,43.04826052
969526,16.75,-89.37618337,43.04838172
970529,17.0,-89.37629376,43.04851201
971531,17.0,-89.37639898,43.04864031
972524,17.25,-89.37650552,43.04877578
973524,16.5,-89.37659933,43.04890168
974561,15.25,-89.3766921,43.04902868
975526,14.0,-89.37677404,43.04913511
976528,13.0,-89.37684542,43.04923512
977533,12.75,-89.37691651,43.04932605
978524,12.25,-89.37698395,43.04942537
979527,12.25,-89.37705289,43.04952494
980532,12.25,-89.37712141,43.0496208
981549,11.25,-89.37717694,43.04970831
982536,10.5,-89.37722503,43.04979352
983527,10.25,-89.37728163,43.04987864
984534,10.0,-89.37733015,43.04996076
985526,10.0,-89.37737672,43.0500442
986529,8.25,-89.37741245,43.05010414
987537,7.75,-89.37744915,43.0501706
988535,7.25,-89.37748345,43.05022786
989519,6.25,-89.3775048,43.05027792
990527,5.25,-89.37751751,43.0503115
991615,3.75,-89.37753159,43.0503452
992536,2.25,-89.3775366,43.05036167
993528,1.75,-89.37754173,43.05037551
994527,1.75,-89.37754861,43.05039052
995529,1.75,-89.37755302,43.05040232
996528,1.75,-89.37755898,43.05041688
997539,2.5,-89.37757264,43.05044237
998528,5.5,-89.3776077,43.05051643
999533,7.25,-89.37763778,43.05058016
1000534,8.5,-89.37766948,43.05065737
1001529,9.5,-89.37770507,43.05073872
1002528,10.5,-89.37775071,43.05083324
1003535,11.25,-89.37779421,43.05093349
1004534,12.0,-89.37783815,43.05103692
1005529,13.0,-89.37788337,43.05114401
1006529,13.0,-89.37793566,43.05125649
1007535,13.25,-89.37798749,43.05137231
1008529,13.25,-89.37804048,43.05148453
1009537,15.5,-89.37810851,43.05164338
1010528,16.25,-89.37817174,43.05178967
1011587,17.0,-89.37824642,43.05195061
1012537,17.0,-89.37831017,43.05209676
1013538,17.0,-89.37838064,43.05223824
1014536,16.75,-89.37844969,43.05238066
1015536,17.0,-89.37853627,43.05252289
1016536,17.0,-89.37862088,43.05265528
1017536,16.0,-89.37871448,43.05277889
1018578,15.25,-89.37879704,43.05289392
1019605,15.0,-89.3788785,43.05301128
1020548,14.75,-89.37896791,43.05312936
1021536,14.25,-89.37906431,43.05323628
1022547,13.25,-89.3791537,43.05333782
1023533,12.25,-89.37923883,43.05342839
1024528,11.5,-89.37932535,43.05351985
1025537,10.75,-89.37940286,43.05360032
1026537,9.75,-89.37947373,43.0536657
1027538,9.25,-89.37954383,43.05372614
1028528,9.25,-89.37962121,43.05378755
1029531,9.5,-89.37969425,43.05385753
1030535,10.25,-89.37976314,43.05393139
1031537,10.75,-89.37984797,43.05400629
1032529,11.0,-89.37993194,43.05408093
1033535,11.0,-89.38001716,43.05416123
1034535,11.0,-89.38010023,43.05423787
1035533,11.5,-89.38018923,43.054327
1036535,12.25,-89.38028597,43.05440947
1037530,12.5,-89.38038397,43.05449859
1038533,12.5,-89.38047133,43.05458986
1039535,11.5,-89.38055991,43.05466748
1040534,10.75,-89.3806426,43.05474464
1041533,10.5,-89.38072244,43.0548207
1042539,10.25,-89.38079926,43.05489408
1043537,10.0,-89.38087411,43.05496717
1044533,10.0,-89.38094934,43.05503848
1045537,10.0,-89.38101921,43.05510885
1046539,10.0,-89.38109439,43.05517825
1047533,9.75,-89.38116179,43.05524502
1048529,9.0,-89.38121549,43.05530458
1049538,7.75,-89.38125304,43.0553548
1050532,6.0,-89.38128378,43.05538291
1051538,5.0,-89.3813173,43.05541438
1052538,4.75,-89.38135071,43.0554484
1053535,4.75,-89.38138082,43.05548171
1054538,6.25,-89.38142865,43.05553813
1055538,8.25,-89.38148736,43.05559582
1056540,10.0,-89.38155624,43.05566751
1057537,11.75,-89.38164419,43.0557587
1058533,12.75,-89.38172998,43.05585252
1059536,13.75,-89.38182799,43.05596011
1060533,15.0,-89.38193366,43.05607553
1061531,15.5,-89.38204602,43.05618735
1062539,15.75,-89.38215448,43.05630413
1063539,15.75,-89.38226134,43.05641939
1064582,15.75,-89.38236833,43.05653388
1065534,16.25,-89.38249008,43.05664758
1066547,16.25,-89.38260325,43.05676729
1067543,16.75,-89.38272248,43.05689046
1068531,17.25,-89.38284385,43.05701824
1069538,17.5,-89.38296734,43.05715023
1070535,17.5,-89.38309043,43.05727363
1071536,17.25,-89.38320503,43.05740098
1072539,17.25,-89.38332917,43.05753272
1073532,17.25,-89.38344852,43.05765999
1074539,17.5,-89.38356896,43.05778895
1075538,18.0,-89.38369494,43.05791972
1076545,18.5,-89.38382204,43.05806003
1077535,18.75,-89.38395374,43.05819963
1078545,18.75,-89.38408306,43.058336249999996
1079544,18.75,-89.38421658,43.05848006
1080537,19.0,-89.38435191,43.05862208
1081535,19.0,-89.38448662,43.05876137
1082535,19.0,-89.38461835,43.05890167
1083538,19.0,-89.38475965,43.05904011
1084543,19.5,-89.38491329,43.05918479
1085538,19.5,-89.38505732,43.05932815
1086536,19.75,-89.38517229,43.0594753
1087539,19.75,-89.38530805,43.05961928
1088539,19.75,-89.38544746,43.05976557
1089537,19.25,-89.38557378,43.05990917
1090544,19.5,-89.3857103,43.06005059
1091539,19.75,-89.38583663,43.06019582
1092567,20.0,-89.38596356,43.06035177
1093536,20.25,-89.3860994,43.06050726
1094546,20.25,-89.38622744,43.06066052
1095534,20.25,-89.38636625,43.06081018
1096547,20.25,-89.38647823,43.06097652
1097539,20.5,-89.3865912,43.06113542
1098533,20.5,-89.3867027,43.06130042
1099542,20.5,-89.38680687,43.06146572
1100554,20.5,-89.38688517,43.06164164
1101537,20.75,-89.3869584,43.06184396
1102539,20.75,-89.3870079,43.06202632
1103538,20.75,-89.38704081,43.06221169
1104534,20.75,-89.38707438,43.06239883
1105554,20.75,-89.38704878,43.06259528
1106539,20.75,-89.38703275,43.06278744
1107536,20.5,-89.38700275,43.06297209
1108535,20.25,-89.38696103,43.06315239
1109534,20.0,-89.38690845,43.0633245
1110534,20.0,-89.38685534,43.06349873
1111544,19.75,-89.38680392,43.06367042
1112549,19.5,-89.38676009,43.06383761
1113548,19.0,-89.38671539,43.06399884
1114570,18.25,-89.38667488,43.06415046
1115536,18.0,-89.38663048,43.06430238
1116535,17.25,-89.38658997,43.06444569
1117538,17.0,-89.38655333,43.06459382
1118546,16.5,-89.38651056,43.06473758
1119536,16.0,-89.38647025,43.06487883
1120548,16.0,-89.38643878,43.06501984
1121539,15.75,-89.38639479,43.06515326
1122743,15.75,-89.38634746,43.06528631
1123546,16.0,-89.38629603,43.06542193
1124538,16.25,-89.38624335,43.06555915
1125545,16.0,-89.3861905,43.06569471
1126544,16.0,-89.38613482,43.06583214
1127549,15.75,-89.38607507,43.06597293
1128536,15.5,-89.38601285,43.06610845
1129548,15.5,-89.38593591,43.06624355
1130536,15.25,-89.38587105,43.06636229
1131535,15.0,-89.38580097,43.06648292
1132545,15.25,-89.38573155,43.06660652
1133537,15.25,-89.38565275,43.06672831
1134538,15.0,-89.38557328,43.06685545
1135546,15.0,-89.38550012,43.06697682
1136537,15.5,-89.38541398,43.06710153
1137537,15.25,-89.38533089,43.06722908
1138530,15.0,-89.38524763,43.06733239
1139544,15.0,-89.38517709,43.06744725
1140539,14.5,-89.38510413,43.06757593
1141539,14.25,-89.38502838,43.06769923
1142547,13.75,-89.38494703,43.06781803
1143536,12.5,-89.38487604,43.06792147
1144546,11.25,-89.38481501,43.06801849
1145561,10.5,-89.38475518,43.06810197
1146539,9.5,-89.38471603,43.0681848
1147549,9.0,-89.38469348,43.06826687
1148539,8.5,-89.38471803,43.06833897
1149537,8.75,-89.38474246,43.06840951
1150604,8.75,-89.38482383,43.06847181
1151546,9.75,-89.38494133,43.06852434
1152537,10.0,-89.38504194,43.06857399
1153541,10.5,-89.38514338,43.06863585
1154547,10.5,-89.38524351,43.06869983
1155538,10.25,-89.38533476,43.06876661
1156551,9.75,-89.38541962,43.0688268
1157554,9.5,-89.38550099,43.06888117
1158554,9.25,-89.38557854,43.06893819
1159547,9.25,-89.38565744,43.06899915
1160542,9.0,-89.38573666,43.06905168
1161539,8.75,-89.38581727,43.06911312
1162546,8.5,-89.38589112,43.06915994
1163547,8.25,-89.38596611,43.0692079
1164542,8.0,-89.38603148,43.06924996
1165563,8.0,-89.386112,43.0692925
1166549,8.5,-89.38619402,43.06934498
1167544,8.75,-89.38627139,43.06939811
1168548,8.5,-89.3863538,43.06944704
1169553,6.75,-89.38640639,43.06947884
1170539,5.75,-89.38644794,43.06952033
1171552,4.5,-89.38646868,43.069551
1172547,4.25,-89.38650084,43.06957587
1173548,3.75,-89.38654386,43.06958197
1174556,3.5,-89.3865871,43.06959291
1175547,2.5,-89.38661282,43.0695915
1176538,1.25,-89.38662395,43.06959114
1177546,0.0,-89.38662212,43.06958485
1178764,0.0,-89.38662149,43.0695839
1179547,0.0,-89.38662088,43.06958115
1180546,0.0,-89.38661919,43.06958142
1181546,0.0,-89.38661758,43.06958079
1182547,0.0,-89.38661747,43.06958126
1183543,0.0,-89.386618,43.0695784
1184547,0.0,-89.38662334,43.06957614
1185542,0.0,-89.38662244,43.06957278
1186538,0.0,-89.3866229,43.06957042
1187547,0.5,-89.38662612,43.06957096
1188545,1.0,-89.38664734,43.06957583
1189548,1.75,-89.38667629,43.06958416
1190548,2.0,-89.38667975,43.06960299
1191543,2.0,-89.38670397,43.06961116
1192547,3.0,-89.38674357,43.06964459
1193545,3.5,-89.38678685,43.06967434
1194552,4.75,-89.38683935,43.06971174
1195549,5.0,-89.38689423,43.06974804
1196575,4.0,-89.38695807,43.0697424
1197544,4.0,-89.38701284,43.06975408
1198551,6.25,-89.38709051,43.06974062
1199555,7.5,-89.38717176,43.0697091
1200545,8.25,-89.38725175,43.06965935
1201544,9.0,-89.3873325,43.0696135
1202549,9.5,-89.38741765,43.06955284
1203544,9.25,-89.3875054,43.06949146
1204548,8.75,-89.38758552,43.06943334
1205545,9.25,-89.38767104,43.06937248
1206546,10.0,-89.3877709,43.06930455
1207556,9.5,-89.38785547,43.06923662
1208547,8.5,-89.38792918,43.06919015
1209546,8.75,-89.38800582,43.06913599
1210552,8.5,-89.38807656,43.06907591
1211550,8.5,-89.3881606,43.06902199
1212556,8.75,-89.38824093,43.06896875
1213549,8.5,-89.3883256,43.06890965
1214546,8.75,-89.38840814,43.06885763
1215550,8.0,-89.38847696,43.06880122
1216554,6.25,-89.38853654,43.06875315
1217548,5.75,-89.38858923,43.0687132
1218547,2.25,-89.3885973,43.06870296
1219554,1.0,-89.38861757,43.06868827
1220553,0.0,-89.38862382,43.06868597
1221547,0.0,-89.38862832,43.06868621
1222539,0.0,-89.38862922,43.0686852
1223606,0.0,-89.38863301,43.06868512
1224563,0.0,-89.38863615,43.06868392
1225604,0.0,-89.38863663,43.06868411
1226554,0.0,-89.38863713,43.06868413
1227552,0.0,-89.38863651,43.0686839
1228546,0.0,-89.38863736,43.06868365
1229559,0.0,-89.38863882,43.06868299
1230554,0.0,-89.38863961,43.06868276
1231549,0.0,-89.38863976,43.06868214
1232606,0.0,-89.38863927,43.06868251
1233553,0.0,-89.38863945,43.0686823
1234546,0.0,-89.38863953,43.06868225
1235548,0.0,-89.38864013,43.06868214
1236547,0.0,-89.38864072,43.06868215
1237554,0.0,-89.38864078,43.06868212
1238701,0.0,-89.38864084,43.06868204
1239552,0.0,-89.38864101,43.06868278
1240554,0.0,-89.38864115,43.0686828
1241551,0.0,-89.38864121,43.06868311
1242555,0.0,-89.38864149,43.06868307
1243552,0.5,-89.38864507,43.06868092
1244543,1.25,-89.38865994,43.06866899
1245552,3.0,-89.38868169,43.06864215
1246558,3.5,-89.38867062,43.06860991
1247544,5.25,-89.38866652,43.06855103
1248546,5.5,-89.38865943,43.06849646
1249545,6.5,-89.38861976,43.06843179
1250553,7.75,-89.38855853,43.06836019
1251547,8.5,-89.3884701,43.06829667
1252555,8.0,-89.38840857,43.0682437
1253558,7.5,-89.38833096,43.06820891
1254549,6.5,-89.38826045,43.06816769
1255554,6.0,-89.38820594,43.06813057
1256556,5.75,-89.38815696,43.06809461
1257557,4.75,-89.38812168,43.06806127
1258596,4.25,-89.38808951,43.06803312
1259547,4.0,-89.38806134,43.06801083
1260552,2.5,-89.38804544,43.06799737
1261560,1.5,-89.38802688,43.06799727
1262544,0.75,-89.38802265,43.06799472
1263547,0.5,-89.3880186,43.06799914
1264547,0.25,-89.38801544,43.06799805
1265553,0.5,-89.38800393,43.0679896
1266547,0.75,-89.38799153,43.06798435
1267563,1.0,-89.3879846,43.06797452
1268552,1.25,-89.38797872,43.06796004
1269537,1.5,-89.3879747,43.06794032
1270554,2.25,-89.38797474,43.067913
1271558,4.75,-89.38800606,43.0678606
1272547,6.25,-89.38810776,43.067787
1273553,7.5,-89.38817721,43.06774961
1274548,8.5,-89.38825134,43.06770375
1275549,9.5,-89.38834007,43.06764453
1276556,10.25,-89.38843121,43.06758134
1277547,10.75,-89.38852697,43.06751287
1278555,11.0,-89.38862634,43.06744291
1279650,10.75,-89.38872018,43.06738099
1280547,10.75,-89.38881489,43.06730732
1281548,11.0,-89.38891031,43.06723817
1282548,11.25,-89.38901383,43.06717553
1283555,11.0,-89.38911477,43.06711362
1284548,10.5,-89.38920662,43.06705075
1285547,10.25,-89.3892953,43.0669949
1286558,9.5,-89.38937947,43.06693104
1287554,8.25,-89.38945359,43.06687837
1288588,6.75,-89.38951636,43.06683287
1289555,4.5,-89.38955769,43.06680525
1290546,2.0,-89.38957642,43.0667897
1291546,0.0,-89.3895769,43.06679066
1292557,0.25,-89.38958013,43.06678695
1293549,0.5,-89.3895828,43.06678377
1294557,0.5,-89.38958844,43.06677962
1295557,0.75,-89.38959441,43.06677601
1296547,0.5,-89.38960086,43.06677288
1297559,0.0,-89.38960151,43.06677289
1298734,0.0,-89.38960172,43.0667721
1299549,0.0,-89.38959992,43.06677247
1300545,0.0,-89.38960065,43.06677146
1301547,0.0,-89.3895999,43.06677158
1302547,0.0,-89.3895995,43.06677111
1303549,0.0,-89.38960091,43.0667709
1304547,0.0,-89.3896027,43.06676986
1305578,0.0,-89.38960279,43.06676968
1306548,1.25,-89.38960984,43.06676436
1307548,2.0,-89.38963282,43.06675123
1308546,2.5,-89.38965871,43.06673379
1309548,3.25,-89.38969581,43.06670396
1310549,6.25,-89.38977208,43.06663375
1311552,8.25,-89.38985879,43.06657172
1312556,8.75,-89.38993204,43.06651156
1313559,9.0,-89.3900108,43.06645018
1314552,9.0,-89.39009341,43.06639053
1315551,9.25,-89.39017874,43.06632878
1316555,9.25,-89.39026173,43.06627049
1317552,9.0,-89.39034922,43.06621305
1318556,8.75,-89.39043611,43.06615581
1319553,8.5,-89.39050773,43.06610482
1320549,8.25,-89.39058572,43.06605409
1321703,8.0,-89.39065316,43.06600427
1322594,7.0,-89.39071788,43.06596127
1323556,6.0,-89.39077119,43.06592519
1324563,4.5,-89.39080008,43.06589717
1325557,2.5,-89.39082107,43.0659019
1326542,2.75,-89.39084969,43.06588822
1327565,2.25,-89.39086683,43.06587384
1328558,1.5,-89.39087389,43.06586676
1329555,0.5,-89.39087411,43.06586874
1330549,1.0,-89.39086078,43.06585893
1331554,1.25,-89.39084304,43.06584971
1332559,0.0,-89.39083616,43.06585482
